       29.000000000000000
           1        2.000000000000000   9.613628657591472E-003
 0.6024911E+00 0.5018423E-02 0.2410202E+00 0.1000000E-01 0.2000000E+01
 0.0000000E+00
 0.1688325E+00 0.5000000E-02 0.6754949E-01 0.1000000E-01 0.5000000E+00 0.5000000E+00
           2        4.000000000000000   9.613628657591472E-003
 0.6024911E+00 0.5018423E-02 0.2410202E+00 0.1000000E-01 0.2000000E+01
 0.0000000E+00
 0.1688325E+00 0.5000000E-02 0.6754949E-01 0.1000000E-01 0.5000000E+00 0.5000000E+00
           3        2.828427000000000   8.763978142155430E-003
 0.4823937E+00 0.5000000E-02 0.1928741E+00 0.1000000E-01 0.2000000E+01
 0.0000000E+00
 0.8402120E-01 0.5000000E-02 0.3358627E-01 0.1000000E-01 0.5000000E+00 0.5000000E+00
           4        1.000000000000000   8.763978142155430E-003
 0.4823937E+00 0.5000000E-02 0.1928741E+00 0.1000000E-01 0.2000000E+01
 0.0000000E+00
 0.8402120E-01 0.5000000E-02 0.3358627E-01 0.1000000E-01 0.5000000E+00 0.5000000E+00
           5        4.000000000000000   7.575736751075586E-003
 0.2879179E+00 0.5000000E-02 0.1152004E+00 0.1000000E-01 0.2000000E+01
 0.0000000E+00
 0.5000000E-01 0.5000000E-02 0.2000000E-01 0.1000000E-01 0.5000000E+00 0.5000000E+00
           6        2.000000000000000   7.575736751075586E-003
 0.2879179E+00 0.5000000E-02 0.1152004E+00 0.1000000E-01 0.2000000E+01
 0.0000000E+00
 0.5000000E-01 0.5000000E-02 0.2000000E-01 0.1000000E-01 0.5000000E+00 0.5000000E+00
           7        1.000000000000000   5.789715789186312E-003
 0.3139222E+00 0.5000000E-02 0.1256491E+00 0.1000000E-01 0.2000000E+01
 0.0000000E+00
 0.5000000E-01 0.5000000E-02 0.2001055E-01 0.1000000E-01 0.5000000E+00 0.5000000E+00
           8        3.000000000000000   6.667775855617303E-003
 0.3251298E+00 0.5000000E-02 0.1300636E+00 0.1000000E-01 0.2000000E+01
 0.0000000E+00
 0.5000000E-01 0.5000000E-02 0.1999927E-01 0.1000000E-01 0.5000000E+00 0.5000000E+00
           9        5.000000000000000   6.177943682115413E-003
 0.2042862E+00 0.5000000E-02 0.8170259E-01 0.1000000E-01 0.2000000E+01
 0.0000000E+00
 0.6673629E-01 0.5000000E-02 0.2669393E-01 0.1000000E-01 0.5000000E+00 0.5000000E+00
          10        2.000000000000000   6.177943682115413E-003
 0.2042862E+00 0.5000000E-02 0.8170259E-01 0.1000000E-01 0.2000000E+01
 0.0000000E+00
 0.6673629E-01 0.5000000E-02 0.2669393E-01 0.1000000E-01 0.5000000E+00 0.5000000E+00
          11        5.999999999999999   5.000000000000000E-003
 0.2662364E+00 0.5000000E-02 0.1064862E+00 0.1000000E-01 0.2000000E+01
 0.0000000E+00
 0.5000000E-01 0.5000000E-02 0.2000032E-01 0.1000000E-01 0.5000000E+00 0.5000000E+00
          12        2.000000000000000   5.000000000000000E-003
 0.2662364E+00 0.5000000E-02 0.1064862E+00 0.1000000E-01 0.2000000E+01
 0.0000000E+00
 0.5000000E-01 0.5000000E-02 0.2000032E-01 0.1000000E-01 0.5000000E+00 0.5000000E+00
          13        5.999999999999999   5.000000000000000E-003
 0.2303177E+00 0.5000000E-02 0.9208666E-01 0.1000000E-01 0.2000000E+01
 0.0000000E+00
 0.5000000E-01 0.5000000E-02 0.1999471E-01 0.1000000E-01 0.5000000E+00 0.5000000E+00
          14        2.000000000000000   5.000000000000000E-003
 0.2303177E+00 0.5000000E-02 0.9208666E-01 0.1000000E-01 0.2000000E+01
 0.0000000E+00
 0.5000000E-01 0.5000000E-02 0.1999471E-01 0.1000000E-01 0.5000000E+00 0.5000000E+00
          15        5.000000000000000   5.249934364268322E-003
 0.2305933E+00 0.5000000E-02 0.9221807E-01 0.1000000E-01 0.2000000E+01
 0.0000000E+00
 0.5000000E-01 0.5000000E-02 0.1999371E-01 0.1000000E-01 0.5000000E+00 0.5000000E+00
          16        2.000000000000000   5.249934364268322E-003
 0.2305933E+00 0.5000000E-02 0.9221807E-01 0.1000000E-01 0.2000000E+01
 0.0000000E+00
 0.5000000E-01 0.5000000E-02 0.1999371E-01 0.1000000E-01 0.5000000E+00 0.5000000E+00
          17        3.000000000000000   8.871158321678214E-003
 0.1000000E+00 0.5000000E-02 0.5000000E-01 0.1000000E-01 0.2000000E+01
 0.0000000E+00
 0.5878936E-01 0.5000000E-02 0.2351096E-01 0.1000000E-01 0.5000000E+00 0.5000000E+00
          18        4.000000000000000   0.000000000000000E+000
 0.2000000E+00 0.0000000E+00 0.0000000E+00 0.0000000E+00 0.4833300E+01
 0.1000000E-01
 0.1000000E-02 0.1000000E-02 0.1000000E-02 0.1000000E-02 0.4000000E+01 0.4000000E+01
          19        2.000000000000000   0.000000000000000E+000
 0.2000000E+00 0.0000000E+00 0.0000000E+00 0.0000000E+00 0.4833300E+01
 0.1000000E-01
 0.1000000E-02 0.1000000E-02 0.1000000E-02 0.1000000E-02 0.2000000E+01 0.2000000E+01
          20        3.000000000000000   0.000000000000000E+000
 0.2000000E+00 0.0000000E+00 0.0000000E+00 0.0000000E+00 0.4833300E+01
 0.1000000E-01
 0.1000000E-02 0.1000000E-02 0.1000000E-02 0.1000000E-02 0.3000000E+01 0.3000000E+01
