   29.0000000000000     
           1   2.00000000000000       5.527425639254781E-003
 0.4555322E+00 0.6818140E-02 0.1822504E+00 0.1000000E-01 0.2000000E+01
 0.0000000E+00
 0.1071478E+00 0.5000000E-02 0.4286273E-01 0.1000000E-01 0.1648896E+00 0.1648896E+00
           2   4.00000000000000       5.527425639254781E-003
 0.4555322E+00 0.6818140E-02 0.1822504E+00 0.1000000E-01 0.2000000E+01
 0.0000000E+00
 0.1071478E+00 0.5000000E-02 0.4286273E-01 0.1000000E-01 0.1648896E+00 0.1648896E+00
           3   2.82842700000000       6.233381322258330E-003
 0.4950770E+00 0.5000000E-02 0.1980267E+00 0.1000000E-01 0.2000000E+01
 0.0000000E+00
 0.5595872E-01 0.5000000E-02 0.2238006E-01 0.1000000E-01 0.2028932E+00 0.2028932E+00
           4   1.00000000000000       6.233381322258330E-003
 0.4950770E+00 0.5000000E-02 0.1980267E+00 0.1000000E-01 0.2000000E+01
 0.0000000E+00
 0.5595872E-01 0.5000000E-02 0.2238006E-01 0.1000000E-01 0.2028932E+00 0.2028932E+00
           5   4.00000000000000       5.000000000000000E-003
 0.2971150E+00 0.5000000E-02 0.1188236E+00 0.1000000E-01 0.2000000E+01
 0.0000000E+00
 0.5000000E-01 0.5000000E-02 0.2000105E-01 0.1000000E-01 0.2819403E+00 0.2819403E+00
           6   2.00000000000000       5.000000000000000E-003
 0.2971150E+00 0.5000000E-02 0.1188236E+00 0.1000000E-01 0.2000000E+01
 0.0000000E+00
 0.5000000E-01 0.5000000E-02 0.2000105E-01 0.1000000E-01 0.2819403E+00 0.2819403E+00
           7   1.00000000000000       5.000000000000000E-003
 0.3172499E+00 0.5184604E-02 0.1268999E+00 0.1000000E-01 0.2000000E+01
 0.0000000E+00
 0.5000000E-01 0.5000000E-02 0.2000262E-01 0.1000000E-01 0.4066477E+00 0.4066477E+00
           8   3.00000000000000       5.000000000000000E-003
 0.3092755E+00 0.5000000E-02 0.1236730E+00 0.1000000E-01 0.2000000E+01
 0.0000000E+00
 0.5000000E-01 0.5000000E-02 0.1999953E-01 0.1000000E-01 0.3216547E+00 0.3216547E+00
           9   5.00000000000000       5.000000000000000E-003
 0.2078898E+00 0.5000000E-02 0.8319046E-01 0.1000000E-01 0.2000000E+01
 0.0000000E+00
 0.5000012E-01 0.5000000E-02 0.2000112E-01 0.1000000E-01 0.2971977E+00 0.2971977E+00
          10   2.00000000000000       5.000000000000000E-003
 0.2078898E+00 0.5000000E-02 0.8319046E-01 0.1000000E-01 0.2000000E+01
 0.0000000E+00
 0.5000012E-01 0.5000000E-02 0.2000112E-01 0.1000000E-01 0.2971977E+00 0.2971977E+00
          11   6.00000000000000       5.000000000000000E-003
 0.2679224E+00 0.5000000E-02 0.1071576E+00 0.1000000E-01 0.2000000E+01
 0.0000000E+00
 0.5000000E-01 0.5000000E-02 0.1999847E-01 0.1000000E-01 0.5000000E+00 0.5000000E+00
          12   2.00000000000000       5.000000000000000E-003
 0.2679224E+00 0.5000000E-02 0.1071576E+00 0.1000000E-01 0.2000000E+01
 0.0000000E+00
 0.5000000E-01 0.5000000E-02 0.1999847E-01 0.1000000E-01 0.5000000E+00 0.5000000E+00
          13   6.00000000000000       5.000000000000000E-003
 0.2320609E+00 0.5000000E-02 0.9282317E-01 0.1000000E-01 0.2000000E+01
 0.0000000E+00
 0.5000000E-01 0.5000000E-02 0.2000149E-01 0.1000000E-01 0.5000000E+00 0.5000000E+00
          14   2.00000000000000       5.000000000000000E-003
 0.2320609E+00 0.5000000E-02 0.9282317E-01 0.1000000E-01 0.2000000E+01
 0.0000000E+00
 0.5000000E-01 0.5000000E-02 0.2000149E-01 0.1000000E-01 0.5000000E+00 0.5000000E+00
          15   5.00000000000000       5.000000000000000E-003
 0.2345601E+00 0.5000000E-02 0.9376936E-01 0.1000000E-01 0.2000000E+01
 0.0000000E+00
 0.5000000E-01 0.5000000E-02 0.2000986E-01 0.1000000E-01 0.4530803E+00 0.4530803E+00
          16   2.00000000000000       5.000000000000000E-003
 0.2345601E+00 0.5000000E-02 0.9376936E-01 0.1000000E-01 0.2000000E+01
 0.0000000E+00
 0.5000000E-01 0.5000000E-02 0.2000986E-01 0.1000000E-01 0.4530803E+00 0.4530803E+00
          17   3.00000000000000       5.000000000000000E-003
 0.1000000E+00 0.5000000E-02 0.5000000E-01 0.1000000E-01 0.2000000E+01
 0.0000000E+00
 0.5000000E-01 0.5000000E-02 0.1999243E-01 0.1000000E-01 0.2258794E+00 0.2258794E+00
          18   4.00000000000000       0.000000000000000E+000
 0.2000000E+00 0.0000000E+00 0.0000000E+00 0.0000000E+00 0.4833300E+01
 0.1000000E-01
 0.1000000E-02 0.1000000E-02 0.1000000E-02 0.1000000E-02 0.4000000E+01 0.4000000E+01
          19   2.00000000000000       0.000000000000000E+000
 0.2000000E+00 0.0000000E+00 0.0000000E+00 0.0000000E+00 0.4833300E+01
 0.1000000E-01
 0.1000000E-02 0.1000000E-02 0.1000000E-02 0.1000000E-02 0.2000000E+01 0.2000000E+01
          20   3.00000000000000       0.000000000000000E+000
 0.2000000E+00 0.0000000E+00 0.0000000E+00 0.0000000E+00 0.4833300E+01
 0.1000000E-01
 0.1000000E-02 0.1000000E-02 0.1000000E-02 0.1000000E-02 0.3000000E+01 0.3000000E+01
