       29.000000000000000
           1        2.000000000000000   5.530308795507609E-003
 0.4556738E+00 0.6811813E-02 0.1822614E+00 0.1000000E-01 0.2000000E+01
 0.0000000E+00
 0.1072447E+00 0.5000000E-02 0.4287656E-01 0.1000000E-01 0.1648353E+00 0.1648353E+00
           2        4.000000000000000   5.530308795507609E-003
 0.4556738E+00 0.6811813E-02 0.1822614E+00 0.1000000E-01 0.2000000E+01
 0.0000000E+00
 0.1072447E+00 0.5000000E-02 0.4287656E-01 0.1000000E-01 0.1648353E+00 0.1648353E+00
           3        2.828427000000000   6.236970726336986E-003
 0.4954964E+00 0.5000000E-02 0.1981999E+00 0.1000000E-01 0.2000000E+01
 0.0000000E+00
 0.5595278E-01 0.5000000E-02 0.2238159E-01 0.1000000E-01 0.2031376E+00 0.2031376E+00
           4        1.000000000000000   6.236970726336986E-003
 0.4954964E+00 0.5000000E-02 0.1981999E+00 0.1000000E-01 0.2000000E+01
 0.0000000E+00
 0.5595278E-01 0.5000000E-02 0.2238159E-01 0.1000000E-01 0.2031376E+00 0.2031376E+00
           5        4.000000000000000   5.000000000000000E-003
 0.2965317E+00 0.5000000E-02 0.1186519E+00 0.1000000E-01 0.2000000E+01
 0.0000000E+00
 0.5000000E-01 0.5000000E-02 0.1999947E-01 0.1000000E-01 0.2821261E+00 0.2821261E+00
           6        2.000000000000000   5.000000000000000E-003
 0.2965317E+00 0.5000000E-02 0.1186519E+00 0.1000000E-01 0.2000000E+01
 0.0000000E+00
 0.5000000E-01 0.5000000E-02 0.1999947E-01 0.1000000E-01 0.2821261E+00 0.2821261E+00
           7        1.000000000000000   5.000000000000000E-003
 0.3169731E+00 0.5176137E-02 0.1267982E+00 0.1000000E-01 0.2000000E+01
 0.0000000E+00
 0.5000000E-01 0.5000000E-02 0.2000563E-01 0.1000000E-01 0.4069615E+00 0.4069615E+00
           8        3.000000000000000   5.000000000000000E-003
 0.3088552E+00 0.5000000E-02 0.1235979E+00 0.1000000E-01 0.2000000E+01
 0.0000000E+00
 0.5000000E-01 0.5000000E-02 0.1999976E-01 0.1000000E-01 0.3216007E+00 0.3216007E+00
           9        5.000000000000000   5.000000000000000E-003
 0.2079788E+00 0.5000000E-02 0.8320404E-01 0.1000000E-01 0.2000000E+01
 0.0000000E+00
 0.5000000E-01 0.5000000E-02 0.2000022E-01 0.1000000E-01 0.2972561E+00 0.2972561E+00
          10        2.000000000000000   5.000000000000000E-003
 0.2079788E+00 0.5000000E-02 0.8320404E-01 0.1000000E-01 0.2000000E+01
 0.0000000E+00
 0.5000000E-01 0.5000000E-02 0.2000022E-01 0.1000000E-01 0.2972561E+00 0.2972561E+00
          11        5.999999999999999   5.000000000000000E-003
 0.2679745E+00 0.5000000E-02 0.1072144E+00 0.1000000E-01 0.2000000E+01
 0.0000000E+00
 0.5000000E-01 0.5000000E-02 0.2000031E-01 0.1000000E-01 0.5000000E+00 0.5000000E+00
          12        2.000000000000000   5.000000000000000E-003
 0.2679745E+00 0.5000000E-02 0.1072144E+00 0.1000000E-01 0.2000000E+01
 0.0000000E+00
 0.5000000E-01 0.5000000E-02 0.2000031E-01 0.1000000E-01 0.5000000E+00 0.5000000E+00
          13        5.999999999999999   5.000000000000000E-003
 0.2317951E+00 0.5000000E-02 0.9275366E-01 0.1000000E-01 0.2000000E+01
 0.0000000E+00
 0.5000000E-01 0.5000000E-02 0.2000028E-01 0.1000000E-01 0.5000000E+00 0.5000000E+00
          14        2.000000000000000   5.000000000000000E-003
 0.2317951E+00 0.5000000E-02 0.9275366E-01 0.1000000E-01 0.2000000E+01
 0.0000000E+00
 0.5000000E-01 0.5000000E-02 0.2000028E-01 0.1000000E-01 0.5000000E+00 0.5000000E+00
          15        5.000000000000000   5.000000000000000E-003
 0.2345559E+00 0.5000000E-02 0.9383113E-01 0.1000000E-01 0.2000000E+01
 0.0000000E+00
 0.5000000E-01 0.5000000E-02 0.2000001E-01 0.1000000E-01 0.4529062E+00 0.4529062E+00
          16        2.000000000000000   5.000000000000000E-003
 0.2345559E+00 0.5000000E-02 0.9383113E-01 0.1000000E-01 0.2000000E+01
 0.0000000E+00
 0.5000000E-01 0.5000000E-02 0.2000001E-01 0.1000000E-01 0.4529062E+00 0.4529062E+00
          17        3.000000000000000   5.000000000000000E-003
 0.1000000E+00 0.5000000E-02 0.5000000E-01 0.1000000E-01 0.2000000E+01
 0.0000000E+00
 0.5000000E-01 0.5000000E-02 0.2000648E-01 0.1000000E-01 0.2257432E+00 0.2257432E+00
          18        4.000000000000000   0.000000000000000E+000
 0.2000000E+00 0.0000000E+00 0.0000000E+00 0.0000000E+00 0.4833300E+01
 0.1000000E-01
 0.1000000E-02 0.1000000E-02 0.1000000E-02 0.1000000E-02 0.4000000E+01 0.4000000E+01
          19        2.000000000000000   0.000000000000000E+000
 0.2000000E+00 0.0000000E+00 0.0000000E+00 0.0000000E+00 0.4833300E+01
 0.1000000E-01
 0.1000000E-02 0.1000000E-02 0.1000000E-02 0.1000000E-02 0.2000000E+01 0.2000000E+01
          20        3.000000000000000   0.000000000000000E+000
 0.2000000E+00 0.0000000E+00 0.0000000E+00 0.0000000E+00 0.4833300E+01
 0.1000000E-01
 0.1000000E-02 0.1000000E-02 0.1000000E-02 0.1000000E-02 0.3000000E+01 0.3000000E+01
