       29.000000000000000
           1        2.000000000000000   1.746727478403457E-002
 0.6079750E+00 0.5137817E-02 0.3248934E+00 0.1000000E-01 0.2000000E+01
 0.0000000E+00
 0.1767588E+00 0.1696856E-01 0.1455611E+00 0.1000000E-01 0.4597401E+00 0.4597401E+00
           2        4.000000000000000   1.746727478403457E-002
 0.6079750E+00 0.5137817E-02 0.3248934E+00 0.1000000E-01 0.2000000E+01
 0.0000000E+00
 0.1767588E+00 0.1696856E-01 0.1455611E+00 0.1000000E-01 0.4597401E+00 0.4597401E+00
           3        2.828427000000000   1.800617206499230E-002
 0.5998154E+00 0.5000000E-02 0.5000000E+00 0.1000000E-01 0.2000000E+01
 0.0000000E+00
 0.1767730E+00 0.2000000E-01 0.1455835E+00 0.1000000E-01 0.5000000E+00 0.5000000E+00
           4        1.000000000000000   1.800617206499230E-002
 0.5998154E+00 0.5000000E-02 0.5000000E+00 0.1000000E-01 0.2000000E+01
 0.0000000E+00
 0.1767730E+00 0.2000000E-01 0.1455835E+00 0.1000000E-01 0.5000000E+00 0.5000000E+00
           5        4.000000000000000   7.244283856678659E-003
 0.1478424E+00 0.1178478E-01 0.2364392E+00 0.1000000E-01 0.2000000E+01
 0.0000000E+00
 0.5000000E-01 0.5000000E-02 0.2000000E-01 0.1000000E-01 0.5000000E+00 0.5000000E+00
           6        2.000000000000000   7.244283856678659E-003
 0.1478424E+00 0.1178478E-01 0.2364392E+00 0.1000000E-01 0.2000000E+01
 0.0000000E+00
 0.5000000E-01 0.5000000E-02 0.2000000E-01 0.1000000E-01 0.5000000E+00 0.5000000E+00
           7        1.000000000000000   6.324996143413125E-003
 0.2630303E+00 0.9958850E-02 0.1127236E+00 0.1000000E-01 0.2000000E+01
 0.0000000E+00
 0.5000000E-01 0.5000000E-02 0.2032731E-01 0.1000000E-01 0.5000000E+00 0.5000000E+00
           8        3.000000000000000   1.075539060118474E-002
 0.1137956E+00 0.5000000E-02 0.5165149E-01 0.1000000E-01 0.2000000E+01
 0.0000000E+00
 0.1022483E+00 0.1999973E-01 0.7733148E-01 0.1000000E-01 0.5000000E+00 0.5000000E+00
           9        5.000000000000000   3.000000000000000E-002
 0.3024073E+00 0.5000000E-02 0.1212786E+00 0.1000000E-01 0.2000000E+01
 0.0000000E+00
 0.3000000E+00 0.2000000E-01 0.2500000E+00 0.1000000E-01 0.5000000E+00 0.5000000E+00
          10        2.000000000000000   3.000000000000000E-002
 0.3024073E+00 0.5000000E-02 0.1212786E+00 0.1000000E-01 0.2000000E+01
 0.0000000E+00
 0.3000000E+00 0.2000000E-01 0.2500000E+00 0.1000000E-01 0.5000000E+00 0.5000000E+00
          11        5.999999999999999   5.000000000000001E-003
 0.2974571E+00 0.5000000E-02 0.1198469E+00 0.1000000E-01 0.2000000E+01
 0.0000000E+00
 0.5000000E-01 0.5000000E-02 0.2000000E-01 0.1000000E-01 0.5000000E+00 0.5000000E+00
          12        2.000000000000000   5.000000000000001E-003
 0.2974571E+00 0.5000000E-02 0.1198469E+00 0.1000000E-01 0.2000000E+01
 0.0000000E+00
 0.5000000E-01 0.5000000E-02 0.2000000E-01 0.1000000E-01 0.5000000E+00 0.5000000E+00
          13        5.999999999999999   5.000000000000000E-003
 0.2257771E+00 0.5000000E-02 0.9032301E-01 0.1000000E-01 0.2000000E+01
 0.0000000E+00
 0.5000000E-01 0.5000000E-02 0.1999999E-01 0.1000000E-01 0.5000000E+00 0.5000000E+00
          14        2.000000000000000   5.000000000000000E-003
 0.2257771E+00 0.5000000E-02 0.9032301E-01 0.1000000E-01 0.2000000E+01
 0.0000000E+00
 0.5000000E-01 0.5000000E-02 0.1999999E-01 0.1000000E-01 0.5000000E+00 0.5000000E+00
          15        5.000000000000000   9.990400932783016E-003
 0.4406073E+00 0.5000000E-02 0.1947924E+00 0.1000000E-01 0.2000000E+01
 0.0000000E+00
 0.5000000E-01 0.1997932E-01 0.2032806E-01 0.1000000E-01 0.5000000E+00 0.5000000E+00
          16        2.000000000000000   9.990400932783016E-003
 0.4406073E+00 0.5000000E-02 0.1947924E+00 0.1000000E-01 0.2000000E+01
 0.0000000E+00
 0.5000000E-01 0.1997932E-01 0.2032806E-01 0.1000000E-01 0.5000000E+00 0.5000000E+00
          17        3.000000000000000   1.799659609350287E-002
 0.1144056E+00 0.5000000E-02 0.5184130E-01 0.1000000E-01 0.2000000E+01
 0.0000000E+00
 0.9608458E-01 0.2000000E-01 0.1088557E+00 0.1000000E-01 0.5000000E+00 0.5000000E+00
          18        4.000000000000000   0.000000000000000E+000
 0.2000000E+00 0.0000000E+00 0.0000000E+00 0.0000000E+00 0.4833300E+01
 0.1000000E-01
 0.1000000E-02 0.1000000E-02 0.1000000E-02 0.1000000E-02 0.4000000E+01 0.4000000E+01
          19        2.000000000000000   0.000000000000000E+000
 0.2000000E+00 0.0000000E+00 0.0000000E+00 0.0000000E+00 0.4833300E+01
 0.1000000E-01
 0.1000000E-02 0.1000000E-02 0.1000000E-02 0.1000000E-02 0.2000000E+01 0.2000000E+01
          20        3.000000000000000   0.000000000000000E+000
 0.2000000E+00 0.0000000E+00 0.0000000E+00 0.0000000E+00 0.4833300E+01
 0.1000000E-01
 0.1000000E-02 0.1000000E-02 0.1000000E-02 0.1000000E-02 0.3000000E+01 0.3000000E+01
