       29.000000000000000
           1        2.000000000000000   3.000000000000000E-002
 0.1000000E+01 0.2000000E-01 0.5000000E+00 0.1000000E-01 0.5000000E+00
 0.0000000E+00
 0.3000000E+00 0.2000000E-01 0.2500000E+00 0.1000000E-01 0.1000000E+00 0.1000000E+00
           2        4.000000000000000   3.000000000000000E-002
 0.1000000E+01 0.2000000E-01 0.5000000E+00 0.1000000E-01 0.5000000E+00
 0.0000000E+00
 0.3000000E+00 0.2000000E-01 0.2500000E+00 0.1000000E-01 0.1000000E+00 0.1000000E+00
           3        2.828427000000000   3.000000000000000E-002
 0.1000000E+01 0.2000000E-01 0.5000000E+00 0.1000000E-01 0.5000000E+00
 0.0000000E+00
 0.3000000E+00 0.2000000E-01 0.2500000E+00 0.1000000E-01 0.1000000E+00 0.1000000E+00
           4        1.000000000000000   3.000000000000000E-002
 0.1000000E+01 0.2000000E-01 0.5000000E+00 0.1000000E-01 0.5000000E+00
 0.0000000E+00
 0.3000000E+00 0.2000000E-01 0.2500000E+00 0.1000000E-01 0.1000000E+00 0.1000000E+00
           5        4.000000000000000   3.000000000000000E-002
 0.1000000E+01 0.2000000E-01 0.5000000E+00 0.1000000E-01 0.5000000E+00
 0.0000000E+00
 0.3000000E+00 0.2000000E-01 0.2500000E+00 0.1000000E-01 0.1000000E+00 0.1000000E+00
           6        2.000000000000000   3.000000000000000E-002
 0.1000000E+01 0.2000000E-01 0.5000000E+00 0.1000000E-01 0.5000000E+00
 0.0000000E+00
 0.3000000E+00 0.2000000E-01 0.2500000E+00 0.1000000E-01 0.1000000E+00 0.1000000E+00
           7        1.000000000000000   3.000000000000000E-002
 0.1000000E+01 0.2000000E-01 0.5000000E+00 0.1000000E-01 0.5000000E+00
 0.0000000E+00
 0.3000000E+00 0.2000000E-01 0.2500000E+00 0.1000000E-01 0.1000000E+00 0.1000000E+00
           8        3.000000000000000   3.000000000000000E-002
 0.1000000E+01 0.2000000E-01 0.5000000E+00 0.1000000E-01 0.5000000E+00
 0.0000000E+00
 0.3000000E+00 0.2000000E-01 0.2500000E+00 0.1000000E-01 0.1000000E+00 0.1000000E+00
           9        5.000000000000000   3.000000000000000E-002
 0.1000000E+01 0.2000000E-01 0.5000000E+00 0.1000000E-01 0.5000000E+00
 0.0000000E+00
 0.3000000E+00 0.2000000E-01 0.2500000E+00 0.1000000E-01 0.1000000E+00 0.1000000E+00
          10        2.000000000000000   3.000000000000000E-002
 0.1000000E+01 0.2000000E-01 0.5000000E+00 0.1000000E-01 0.5000000E+00
 0.0000000E+00
 0.3000000E+00 0.2000000E-01 0.2500000E+00 0.1000000E-01 0.1000000E+00 0.1000000E+00
          11        5.999999999999999   3.000000000000000E-002
 0.1000000E+01 0.2000000E-01 0.5000000E+00 0.1000000E-01 0.5000000E+00
 0.0000000E+00
 0.3000000E+00 0.2000000E-01 0.2500000E+00 0.1000000E-01 0.1000000E+00 0.1000000E+00
          12        2.000000000000000   3.000000000000000E-002
 0.1000000E+01 0.2000000E-01 0.5000000E+00 0.1000000E-01 0.5000000E+00
 0.0000000E+00
 0.3000000E+00 0.2000000E-01 0.2500000E+00 0.1000000E-01 0.1000000E+00 0.1000000E+00
          13        5.999999999999999   3.000000000000000E-002
 0.1000000E+01 0.2000000E-01 0.5000000E+00 0.1000000E-01 0.5000000E+00
 0.0000000E+00
 0.3000000E+00 0.2000000E-01 0.2500000E+00 0.1000000E-01 0.1000000E+00 0.1000000E+00
          14        2.000000000000000   3.000000000000000E-002
 0.1000000E+01 0.2000000E-01 0.5000000E+00 0.1000000E-01 0.5000000E+00
 0.0000000E+00
 0.3000000E+00 0.2000000E-01 0.2500000E+00 0.1000000E-01 0.1000000E+00 0.1000000E+00
          15        5.000000000000000   3.000000000000000E-002
 0.1000000E+01 0.2000000E-01 0.5000000E+00 0.1000000E-01 0.5000000E+00
 0.0000000E+00
 0.3000000E+00 0.2000000E-01 0.2500000E+00 0.1000000E-01 0.1000000E+00 0.1000000E+00
          16        2.000000000000000   3.000000000000000E-002
 0.1000000E+01 0.2000000E-01 0.5000000E+00 0.1000000E-01 0.5000000E+00
 0.0000000E+00
 0.3000000E+00 0.2000000E-01 0.2500000E+00 0.1000000E-01 0.1000000E+00 0.1000000E+00
          17        3.000000000000000   3.000000000000000E-002
 0.1000000E+01 0.2000000E-01 0.5000000E+00 0.1000000E-01 0.5000000E+00
 0.0000000E+00
 0.3000000E+00 0.2000000E-01 0.2500000E+00 0.1000000E-01 0.1000000E+00 0.1000000E+00
          18        4.000000000000000   0.000000000000000E+000
 0.2000000E+00 0.0000000E+00 0.0000000E+00 0.0000000E+00 0.4833300E+01
 0.1000000E-01
 0.1000000E-02 0.1000000E-02 0.1000000E-02 0.1000000E-02 0.4000000E+01 0.4000000E+01
          19        2.000000000000000   0.000000000000000E+000
 0.2000000E+00 0.0000000E+00 0.0000000E+00 0.0000000E+00 0.4833300E+01
 0.1000000E-01
 0.1000000E-02 0.1000000E-02 0.1000000E-02 0.1000000E-02 0.2000000E+01 0.2000000E+01
          20        3.000000000000000   0.000000000000000E+000
 0.2000000E+00 0.0000000E+00 0.0000000E+00 0.0000000E+00 0.4833300E+01
 0.1000000E-01
 0.1000000E-02 0.1000000E-02 0.1000000E-02 0.1000000E-02 0.3000000E+01 0.3000000E+01
